error = 11206750208.000000
time = 8.069000
iterations = 99
uniscore = 0.301688
mzsig = 0.240023
zzsig = 1.000000
beta = 0.000000
psig = 1.000000
