error = 1704836864.000000
time = 5.141000
iterations = 93
uniscore = 0.909932
mzsig = 0.013211
zzsig = 1.000000
beta = 0.000000
psig = 1.000000
