error = 250046.390625
time = 1.502000
iterations = 99
uniscore = 0.357835
mzsig = 0.000000
zzsig = 1.000000
beta = 500.000000
psig = 1.000000
