error = 2248701952.000000
time = 1.723000
iterations = 61
uniscore = 0.579551
mzsig = 0.027747
zzsig = 1.000000
beta = 0.000000
psig = 1.000000
