error = 4658694144.000000
time = 4.497000
iterations = 99
uniscore = 0.092005
mzsig = 0.241734
zzsig = 1.000000
beta = 0.000000
psig = 1.000000
