error = 2094135808.000000
time = 5.420000
iterations = 98
uniscore = 0.319719
mzsig = 0.241734
zzsig = 1.000000
beta = 0.000000
psig = 1.000000
