error = 1.774946
time = 1.505000
iterations = 20
uniscore = 0.909091
mzsig = 0.013211
zzsig = 1.000000
beta = 0.000000
psig = 1.000000
